[params]
std = 0.19002112193350373
mean = 0.2706488599925362
